255 255 255 255 255 255 255 255 255 255 255 255 255 255 255 255 255 255 255 255 255 255 255 255 255 255 255 255 255 255 255 255 255 255 255 255 255 255 255 255 255 255 255 255 255 255 255 255
255 255 255 255 255 255 136 0 21 136 0 21 136 0 21 136 0 21 136 0 21 136 0 21 136 0 21 136 0 21 136 0 21 136 0 21 136 0 21 136 0 21 255 255 255 255 255 255
255 255 255 255 255 255 255 255 255 255 255 255 136 0 21 136 0 21 136 0 21 136 0 21 136 0 21 136 0 21 136 0 21 136 0 21 255 255 255 255 255 255 255 255 255 255 255 255
255 255 255 255 255 255 255 255 255 255 255 255 127 127 127 255 255 255 255 255 255 255 255 255 255 255 255 255 255 255 255 255 255 127 127 127 255 255 255 255 255 255 255 255 255 255 255 255
255 255 255 255 255 255 255 255 255 255 255 255 127 127 127 127 127 127 255 255 255 255 255 255 255 255 255 255 255 255 127 127 127 127 127 127 255 255 255 255 255 255 255 255 255 255 255 255
255 255 255 255 255 255 255 255 255 255 255 255 255 255 255 127 127 127 255 201 14 255 255 255 255 201 14 255 201 14 127 127 127 255 255 255 255 255 255 255 255 255 255 255 255 255 255 255
255 255 255 255 255 255 255 255 255 255 255 255 255 255 255 255 255 255 127 127 127 255 201 14 255 201 14 127 127 127 255 255 255 255 255 255 255 255 255 255 255 255 255 255 255 255 255 255
255 255 255 255 255 255 255 255 255 255 255 255 255 255 255 255 255 255 255 255 255 127 127 127 127 127 127 255 255 255 255 255 255 255 255 255 255 255 255 255 255 255 255 255 255 255 255 255
255 255 255 255 255 255 255 255 255 255 255 255 255 255 255 255 255 255 255 255 255 127 127 127 127 127 127 255 255 255 255 255 255 255 255 255 255 255 255 255 255 255 255 255 255 255 255 255
255 255 255 255 255 255 255 255 255 255 255 255 255 255 255 255 255 255 127 127 127 255 201 14 255 255 255 127 127 127 255 255 255 255 255 255 255 255 255 255 255 255 255 255 255 255 255 255
255 255 255 255 255 255 255 255 255 255 255 255 255 255 255 127 127 127 255 255 255 255 255 255 255 201 14 255 255 255 127 127 127 255 255 255 255 255 255 255 255 255 255 255 255 255 255 255
255 255 255 255 255 255 255 255 255 255 255 255 127 127 127 127 127 127 255 255 255 255 255 255 255 201 14 255 255 255 127 127 127 127 127 127 255 255 255 255 255 255 255 255 255 255 255 255
255 255 255 255 255 255 255 255 255 255 255 255 127 127 127 255 255 255 255 201 14 255 201 14 255 201 14 255 201 14 255 255 255 127 127 127 255 255 255 255 255 255 255 255 255 255 255 255
255 255 255 255 255 255 255 255 255 255 255 255 136 0 21 136 0 21 136 0 21 136 0 21 136 0 21 136 0 21 136 0 21 136 0 21 255 255 255 255 255 255 255 255 255 255 255 255
255 255 255 255 255 255 136 0 21 136 0 21 136 0 21 136 0 21 136 0 21 136 0 21 136 0 21 136 0 21 136 0 21 136 0 21 136 0 21 136 0 21 255 255 255 255 255 255
255 255 255 255 255 255 255 255 255 255 255 255 255 255 255 255 255 255 255 255 255 255 255 255 255 255 255 255 255 255 255 255 255 255 255 255 255 255 255 255 255 255 255 255 255 255 255 255